45    49    49    65    45 
60    62    63    80    60 
80    100    123    120    80 
39    52    43    60    50 
58    64    58    80    65 
78    104    78    115    100 
44    48    65    50    64 
59    63    80    65    80 
79    103    120    115    78 
45    30    35    20    45 
50    20    55    25    30 
60    45    50    80    70 
40    35    30    20    20 
45    25    50    25    25 
65    150    40    15    80 
40    45    40    35    56 
63    60    55    50    50 
83    80    80    80    121 
30    56    35    25    35 
75    71    70    80    77 
40    60    30    31    70 
65    90    65    61    100 
35    60    44    54    55 
60    95    69    79    80 
35    55    40    50    90 
60    85    50    85    110 
50    75    90    35    40 
75    100    120    65    65 
55    47    52    40    40 
70    62    67    55    56 
90    92    87    85    76 
61    72    57    55    65 
81    102    77    75    85 
70    45    48    65    35 
95    70    73    95    90 
38    41    40    65    65 
73    67    75    100    109 
115    45    20    25    20 
140    70    45    85    50 
40    45    35    30    40 
75    80    70    75    90 
45    50    55    65    30 
60    65    70    75    40 
75    80    85    90    50 
35    70    55    55    25 
60    95    80    80    30 
60    55    50    40    55 
70    65    60    75    90 
10    55    30    35    45 
35    100    60    50    70 
40    35    35    50    40 
65    60    60    65    115 
50    52    48    65    50 
80    82    78    95    80 
40    80    35    35    45 
65    105    60    70    95 
55    70    45    70    50 
90    110    80    80    95 
40    50    40    40    40 
65    65    65    50    50 
90    95    95    90    70 
25    20    15    105    55 
40    35    30    70    105 
55    50    65    105    150 
70    80    50    35    35 
80    100    70    60    45 
90    130    80    85    55 
50    75    35    30    40 
65    90    50    85    45 
80    105    65    70    70 
40    40    35    100    70 
80    70    65    120    100 
40    80    100    30    20 
55    95    115    45    45 
80    120    130    65    45 
50    85    55    65    65 
65    100    70    80    105 
90    65    65    40    15 
95    75    180    130    80 
25    35    70    55    45 
50    60    95    70    70 
52    90    55    58    62 
35    85    45    35    35 
60    110    70    60    110 
65    45    55    45    70 
90    70    80    70    95 
80    80    50    50    25 
105    105    75    100    50 
30    65    100    25    40 
50    95    180    45    70 
30    35    30    35    80 
45    50    45    115    55 
60    65    80    170    95 
35    45    160    30    45 
60    48    45    43    90 
85    73    70    115    67 
30    105    90    25    50 
55    130    115    50    75 
40    30    50    55    100 
60    50    70    80    150 
60    40    80    60    45 
95    105    85    125    75 
50    50    95    40    50 
60    80    110    50    80 
50    120    53    110    87 
50    105    79    110    76 
90    55    75    75    30 
40    65    95    60    45 
65    90    120    70    60 
80    85    95    30    25 
105    130    120    45    45 
250    5    5    35    105 
65    55    115    40    60 
105    125    100    60    100 
30    40    70    70    25 
55    65    95    95    45 
45    67    60    50    63 
80    92    65    80    68 
30    45    55    55    85 
60    75    85    85    115 
40    45    65    120    90 
70    110    80    80    105 
65    50    35    95    95 
65    83    57    95    85 
65    95    57    100    85 
65    155    120    65    90 
75    100    95    70    110 
20    10    55    20    80 
95    155    109    130    81 
130    85    80    85    95 
48    48    48    48    48 
55    55    50    45    65 
130    65    60    95    65 
65    65    60    110    95 
65    130    60    110    65 
65    60    70    85    75 
35    40    100    55    35 
70    60    125    70    55 
30    80    90    45    55 
60    115    105    70    80 
80    135    85    95    150 
160    110    65    65    110 
90    85    100    125    85 
90    90    85    90    100 
90    100    90    85    90 
41    64    45    50    50 
61    84    65    70    70 
91    134    95    100    80 
106    150    70    120    140 
100    100    100    100    100 
45    49    65    65    45 
60    62    80    80    60 
80    82    100    100    80 
39    52    43    50    65 
58    64    58    65    80 
78    84    78    85    100 
50    65    64    44    48 
65    80    80    63    58 
85    105    100    79    83 
35    46    34    45    20 
85    76    64    45    55 
60    30    30    36    56 
100    50    50    96    70 
40    20    30    40    80 
55    35    50    110    85 
40    60    40    40    40 
70    90    70    70    40 
85    90    80    80    130 
75    38    38    56    67 
125    58    58    76    67 
20    40    15    35    35 
50    25    28    45    55 
90    30    15    40    20 
35    20    65    40    65 
55    40    85    105    40 
40    50    45    70    45 
65    75    70    70    95 
55    40    40    65    45 
70    55    55    60    45 
90    95    105    110    45 
75    80    95    100    50 
70    20    50    50    40 
100    50    80    60    80 
70    100    115    65    30 
90    75    75    100    70 
35    35    40    35    55 
55    45    50    45    65 
75    55    70    55    95 
55    70    55    40    55 
30    30    30    30    30 
75    75    55    105    85 
65    65    45    45    95 
55    45    45    25    15 
95    85    85    65    35 
65    65    60    130    95 
95    65    110    130    65 
60    85    42    42    91 
95    75    80    110    30 
60    60    60    85    85 
48    72    48    48    48 
190    33    58    58    33 
70    80    65    65    85 
50    65    90    35    15 
75    90    140    60    40 
100    70    70    65    65 
65    75    105    65    85 
75    125    230    95    30 
60    80    50    40    30 
90    120    75    60    45 
65    95    85    55    85 
70    150    140    65    100 
20    10    230    10    230 
80    185    115    105    75 
55    95    55    35    75 
60    80    50    50    50 
90    130    75    75    75 
40    40    40    40    20 
60    50    120    80    30 
50    50    40    30    30 
100    100    80    60    60 
65    55    95    65    95 
35    65    35    35    65 
75    105    75    105    75 
45    55    45    45    75 
85    40    70    140    70 
65    80    140    70    70 
45    60    30    80    50 
75    90    90    140    90 
75    95    95    95    85 
90    60    60    40    40 
90    120    120    60    50 
85    80    90    95    60 
73    95    62    85    65 
55    20    35    20    45 
35    35    35    35    35 
50    95    95    110    70 
45    30    15    65    65 
45    63    37    55    95 
45    75    37    55    83 
95    80    105    70    100 
255    10    10    75    135 
90    85    75    115    100 
115    115    85    90    75 
100    75    115    90    115 
50    64    50    50    41 
70    84    70    70    51 
100    164    150    120    71 
106    90    130    154    110 
106    130    90    110    154 
100    100    100    100    100 
40    45    35    55    70 
50    65    45    65    95 
70    110    75    85    145 
45    60    40    70    50 
60    85    60    60    55 
80    160    80    80    100 
50    70    50    50    40 
70    85    70    70    50 
100    150    110    110    70 
35    55    35    30    30 
70    90    70    60    60 
38    30    41    41    60 
78    70    61    61    100 
45    45    35    20    30 
50    35    55    25    15 
60    70    50    50    65 
50    35    55    25    25 
60    50    70    90    65 
40    30    30    40    50 
60    50    50    70    50 
80    70    70    100    70 
40    40    50    30    30 
70    70    40    60    40 
90    100    60    90    60 
40    55    30    30    85 
60    85    60    50    125 
40    30    30    55    30 
60    50    100    70    65 
28    25    25    45    35 
38    35    35    65    55 
68    85    65    135    100 
40    30    32    50    52 
70    60    62    82    80 
60    40    60    40    60 
60    130    80    60    70 
60    60    60    35    35 
80    80    80    55    90 
150    160    100    65    100 
31    45    90    30    30 
61    90    45    50    160 
1    90    45    30    30 
64    51    23    23    28 
84    71    43    71    43 
104    91    63    73    68 
72    60    30    30    25 
144    120    60    60    50 
50    20    40    40    20 
30    45    135    45    90 
50    45    45    35    50 
70    65    65    55    90 
50    85    125    85    115 
50    105    125    55    95 
50    70    100    40    40 
60    90    140    50    40 
70    140    230    80    50 
30    40    55    40    55 
60    100    85    85    100 
40    45    40    65    40 
70    75    80    80    135 
60    50    40    85    75 
60    40    50    75    85 
65    73    75    85    85 
65    47    75    85    85 
50    60    45    100    80 
70    43    53    43    53 
100    73    83    83    55 
45    90    20    65    20 
70    140    70    65    105 
130    70    35    70    35 
170    90    45    45    60 
60    60    40    65    45 
70    120    100    145    105 
70    85    140    85    70 
60    25    35    70    80 
80    45    65    110    80 
60    60    60    60    60 
45    100    45    45    10 
50    70    50    50    70 
80    100    80    80    100 
50    85    40    85    40 
70    115    60    115    60 
45    40    60    40    75 
75    110    110    105    80 
73    115    60    60    90 
73    100    60    60    65 
90    55    65    85    70 
90    95    85    65    70 
50    48    43    41    60 
110    78    73    76    71 
43    80    65    50    35 
63    120    85    55    55 
40    40    55    40    70 
60    70    105    120    75 
66    41    77    61    87 
86    81    97    107    43 
45    95    50    40    50 
75    125    100    80    45 
20    15    20    10    55 
95    60    79    125    81 
70    70    70    70    70 
60    90    70    120    40 
44    75    35    33    45 
64    165    75    83    75 
20    40    90    30    90 
40    70    130    130    25 
99    68    83    87    51 
75    50    80    95    90 
65    150    60    115    60 
95    23    48    23    48 
50    50    50    50    50 
80    120    80    80    100 
70    40    50    50    25 
90    60    70    70    45 
110    80    90    90    65 
35    64    85    74    55 
55    104    105    75    52 
55    84    105    75    52 
100    90    130    65    55 
43    30    55    40    65 
45    75    60    40    30 
65    95    100    60    50 
95    145    130    120    90 
40    55    80    60    30 
60    75    100    55    80 
80    145    150    110    110 
80    100    200    100    50 
80    50    100    200    50 
80    75    150    150    50 
80    100    120    150    110 
80    130    100    120    110 
100    150    90    160    90 
100    180    160    90    90 
105    180    100    100    115 
100    100    100    100    100 
50    95    90    90    180 
55    68    64    45    55 
75    89    85    65    36 
95    109    105    85    56 
44    58    44    58    44 
64    78    52    52    81 
76    104    71    71    108 
53    51    53    56    40 
64    66    68    76    50 
84    86    88    101    60 
40    55    30    30    30 
55    75    50    40    80 
85    120    70    60    100 
59    45    40    40    31 
79    85    60    60    71 
37    25    41    41    25 
77    85    51    51    65 
45    65    34    40    34 
60    85    49    60    49 
80    120    79    79    70 
40    30    35    50    70 
60    70    65    105    90 
67    125    40    30    58 
97    165    60    50    58 
30    42    118    88    30 
60    52    168    138    30 
40    29    45    45    36 
60    69    95    95    36 
70    94    50    50    66 
30    30    42    42    70 
70    80    102    102    40 
60    45    70    45    90 
55    65    35    60    30 
85    105    55    50    115 
45    35    45    53    35 
70    60    70    87    78 
76    48    48    62    34 
111    83    68    82    39 
75    100    66    66    115 
90    50    34    60    44 
150    80    44    54    80 
55    66    44    44    56 
65    136    94    96    135 
60    60    60    105    105 
100    125    52    52    71 
49    55    42    37    85 
71    82    64    59    112 
45    30    50    50    45 
63    63    47    41    74 
103    93    67    61    84 
57    24    86    86    23 
67    89    116    116    33 
50    80    95    10    45 
20    25    45    90    60 
100    5    5    15    65 
76    65    45    92    42 
50    92    108    92    108 
58    70    45    40    45 
68    90    65    50    55 
108    170    115    95    92 
135    85    40    85    5 
40    70    40    40    60 
70    145    88    140    70 
68    72    78    42    32 
108    112    118    72    47 
40    50    90    30    55 
70    90    110    75    95 
48    61    40    40    50 
83    106    65    65    85 
74    100    72    72    46 
49    49    56    61    66 
69    69    76    86    91 
45    20    50    60    120 
60    62    50    60    40 
90    132    105    105    30 
70    120    65    85    125 
70    70    115    90    60 
110    85    95    95    50 
115    140    130    55    40 
100    100    125    50    50 
75    123    67    85    95 
75    95    67    95    83 
85    50    95    115    80 
86    76    86    56    95 
65    110    130    65    95 
65    60    110    95    65 
75    95    125    75    95 
110    130    80    70    60 
85    80    70    75    90 
68    165    95    115    110 
60    55    145    75    150 
45    100    135    135    45 
70    80    70    70    110 
50    65    107    107    86 
75    75    130    75    130 
80    105    105    105    80 
75    125    70    125    70 
100    120    120    100    90 
90    120    100    150    120 
91    90    106    106    77 
110    160    110    110    100 
150    120    100    100    90 
120    70    120    130    85 
80    80    80    80    80 
100    100    100    100    100 
70    90    90    135    90 
100    103    75    120    75 
120    120    120    120    120 
100    100    100    100    100 
45    45    55    55    63 
60    60    75    75    83 
75    75    95    75    95 
65    63    45    45    45 
90    93    55    55    55 
110    123    65    65    65 
55    55    45    45    45 
75    75    60    60    60 
95    100    85    108    70 
45    55    39    35    39 
60    85    69    69    77 
45    60    45    45    55 
65    80    65    65    60 
85    110    90    90    80 
41    50    37    37    66 
64    88    50    50    106 
50    53    48    53    48 
75    98    63    63    101 
50    53    48    53    48 
75    98    63    63    101 
50    53    48    53    48 
75    98    63    63    101 
76    25    45    55    24 
116    55    85    95    29 
50    55    50    36    30 
62    77    62    42    65 
80    115    80    55    93 
45    60    32    32    76 
75    100    63    63    116 
55    75    85    25    15 
70    105    105    50    40 
85    135    130    80    25 
65    45    43    55    43 
67    57    55    55    114 
60    85    40    45    68 
110    135    60    65    88 
103    60    126    80    126 
75    80    55    35    35 
85    105    85    50    40 
105    140    95    65    45 
50    50    40    50    40 
75    65    55    65    55 
105    95    75    75    74 
120    100    85    85    45 
75    125    75    30    75 
45    53    70    40    60 
55    63    90    50    80 
75    103    80    80    92 
30    45    59    39    57 
40    55    99    40    79 
60    100    89    69    112 
40    27    60    37    50 
60    67    85    75    116 
45    35    50    70    50 
70    60    75    75    90 
70    92    65    80    55 
50    72    35    35    35 
60    82    45    45    45 
95    117    80    70    92 
70    90    45    15    45 
105    30    105    140    105 
75    86    67    67    60 
50    65    85    35    55 
70    105    125    75    45 
50    75    70    35    70 
65    90    115    115    58 
72    58    80    80    97 
38    30    85    55    65 
58    50    145    105    30 
54    78    103    45    22 
74    108    133    65    32 
55    112    45    74    45 
75    140    65    65    110 
50    50    62    62    65 
80    95    82    82    75 
40    65    40    40    65 
60    105    60    60    105 
55    50    40    40    75 
75    95    60    60    115 
45    30    50    65    45 
60    45    70    75    85 
70    55    95    110    65 
45    30    40    105    50 
65    40    50    60    30 
110    65    75    85    30 
62    44    50    50    55 
75    87    63    87    63 
36    50    50    60    44 
51    65    65    75    59 
71    95    85    95    79 
60    60    50    40    50 
80    100    70    70    95 
55    75    60    75    60 
50    75    45    40    45 
70    135    105    105    20 
69    55    45    55    15 
114    85    70    80    30 
55    40    50    65    85 
100    60    70    105    60 
165    75    80    45    65 
50    47    50    57    50 
70    77    60    60    108 
44    50    91    86    10 
74    94    131    116    20 
40    55    70    60    30 
60    80    95    70    85 
60    100    115    85    90 
35    55    40    40    60 
65    85    70    70    40 
85    115    80    80    50 
55    55    55    85    55 
75    75    75    125    95 
50    30    55    65    55 
60    40    60    60    55 
60    55    90    90    80 
46    87    60    40    57 
66    117    70    40    50 
76    147    90    70    97 
55    70    40    40    40 
95    130    80    80    50 
80    50    50    135    105 
50    40    85    65    25 
80    70    40    60    145 
109    66    84    81    99 
45    85    50    50    65 
65    125    60    60    105 
77    120    90    90    48 
59    74    50    35    50 
89    124    80    55    80 
45    85    70    40    40 
65    125    100    70    70 
95    110    95    95    55 
70    83    50    37    50 
100    123    75    75    80 
70    55    75    65    60 
110    65    105    95    80 
85    97    66    66    65 
58    109    112    48    109 
52    65    50    50    38 
72    85    70    65    70 
92    105    90    90    98 
55    85    55    50    55 
85    60    65    105    100 
91    90    129    72    108 
91    129    90    90    108 
91    90    72    129    108 
79    100    80    90    121 
79    105    70    80    101 
100    120    100    150    120 
100    150    120    120    100 
89    145    90    80    91 
125    120    90    170    100 
91    72    90    90    108 
100    128    90    77    128 
71    120    95    95    99 
56    61    65    45    38 
61    78    95    58    57 
88    107    122    75    64 
40    45    40    62    60 
59    59    58    70    73 
75    69    72    114    100 
41    56    40    62    44 
54    63    52    56    97 
72    145    67    71    132 
38    36    38    32    36 
85    56    77    50    77 
45    50    43    40    38 
62    73    55    52    84 
78    81    71    74    69 
38    35    40    25    35 
45    22    60    30    29 
80    52    50    90    50 
62    50    58    54    72 
86    68    72    66    106 
44    38    39    61    79 
74    65    67    128    92 
78    65    68    112    154 
66    65    48    57    52 
123    100    62    81    68 
67    82    62    48    43 
95    124    78    69    71 
75    80    60    90    102 
62    48    54    60    68 
74    48    76    83    81 
45    80    100    35    37 
59    110    150    49    35 
60    150    50    50    60 
78    52    60    65    23 
101    72    72    89    29 
62    48    66    57    49 
82    80    86    75    72 
53    54    53    46    45 
86    92    88    75    73 
42    52    67    39    56 
72    105    115    86    68 
50    60    60    60    60 
65    75    90    123    44 
50    53    62    63    44 
71    73    88    89    59 
44    38    33    43    70 
62    55    52    94    109 
58    89    77    45    45 
82    121    119    59    71 
77    59    50    67    63 
123    77    72    92    58 
95    65    65    130    60 
78    92    75    63    118 
67    58    57    81    67 
50    50    150    50    150 
45    50    35    75    40 
68    75    53    83    113 
90    100    70    150    80 
57    80    91    87    75 
43    70    48    50    60 
85    110    76    82    56 
59    66    70    55    41 
85    100    122    75    54 
55    69    85    35    28 
95    117    184    46    28 
40    30    35    40    55 
85    70    80    80    123 
126    131    95    98    99 
126    131    95    98    99 
216    100    121    91    95 
50    160    110    160    110 
80    160    60    130    80 
80    110    120    130    90 
